1,1,209.96,247.27,96.11999999999998,50.67999999999998,1,1,1.0
1,2,122.58,332.03,138.06,62.04000000000002,1,1,1.0
1,3,731.61,266.49,74.26999999999998,37.579999999999984,1,1,1.0
2,1,210.04,247.27,96.12000000000003,50.67999999999998,1,1,1.0
2,2,98.13,335.34,139.96,63.80000000000001,1,1,1.0
2,3,717.99,267.54,75.48000000000002,39.66999999999996,1,1,1.0
3,1,210.12,247.27,96.12,50.67999999999998,1,1,1.0
3,2,73.67,338.66,141.87,65.53999999999996,1,1,1.0
3,3,704.37,268.58,76.67999999999995,41.78000000000003,1,1,1.0
4,1,210.2,247.27,96.12,50.67999999999998,1,1,1.0
4,2,49.21,341.97,143.79,67.29999999999995,1,1,1.0
4,3,690.74,269.62,77.88999999999999,43.889999999999986,1,1,1.0
5,1,210.28,247.27,96.10999999999999,50.67999999999998,1,1,1.0
5,2,24.76,345.29,145.69,69.04999999999995,1,1,1.0
5,3,677.12,270.66,79.10000000000002,45.98999999999995,1,1,1.0
6,1,210.36,247.27,96.11000000000001,50.67999999999998,1,1,1.0
6,2,0.3,348.6,147.6,70.81,1,1,1.0
6,3,663.5,271.7,80.29999999999995,48.10000000000002,1,1,1.0
7,1,210.44,247.27,96.11000000000001,50.67999999999998,1,1,1.0
7,2,0.3,352.52,123.8,68.41000000000003,1,1,1.0
7,3,649.08,274.54,81.62,48.099999999999966,1,1,1.0
8,1,210.52,247.27,96.10999999999999,50.67999999999998,1,1,1.0
8,2,0.3,356.45,100.0,66.0,1,1,1.0
8,3,634.67,277.38,82.93000000000006,48.10000000000002,1,1,1.0
9,1,210.6,247.27,96.10999999999999,50.67999999999998,1,1,1.0
9,2,0.3,360.37,76.2,63.610000000000014,1,1,1.0
9,3,620.25,280.22,84.25,48.099999999999966,1,1,1.0
10,1,210.68,247.27,96.11000000000001,50.67999999999998,1,1,1.0
10,2,0.3,364.3,52.400000000000006,61.19999999999999,1,1,1.0
10,3,605.83,283.06,85.56999999999994,48.10000000000002,1,1,1.0
11,1,210.75,247.27,96.12,50.67999999999998,1,1,1.0
11,2,0.3,377.4,26.2,53.30000000000001,1,1,1.0
11,3,589.08,284.37,88.04999999999995,49.85000000000002,1,1,1.0
12,1,210.83,247.27,96.11999999999998,50.67999999999998,1,1,1.0
12,3,572.33,285.67,90.53999999999996,51.60999999999996,1,1,1.0
13,1,210.83,247.27,96.11999999999998,50.67999999999998,1,1,1.0
13,3,555.59,286.98,93.00999999999999,53.349999999999966,1,1,1.0
14,1,210.83,247.27,96.11999999999998,50.67999999999998,1,1,1.0
14,3,538.84,288.29,95.49000000000001,55.099999999999966,1,1,1.0
15,1,210.83,247.27,96.11999999999998,50.67999999999998,1,1,1.0
15,3,522.09,289.59,97.98000000000002,56.860000000000014,1,1,1.0
16,1,210.83,247.27,96.11999999999998,50.67999999999998,1,1,1.0
16,3,505.34,290.9,100.45999999999998,58.610000000000014,1,1,1.0
17,1,210.83,247.27,96.11999999999998,50.67999999999998,1,1,1.0
17,3,487.98,293.53,102.19999999999993,59.690000000000055,1,1,1.0
18,1,210.83,247.27,96.11999999999998,50.67999999999998,1,1,1.0
18,3,470.61,296.15,103.93999999999994,60.79000000000002,1,1,1.0
19,1,210.83,247.27,96.11999999999998,50.67999999999998,1,1,1.0
19,3,453.24,298.78,105.68999999999994,61.870000000000005,1,1,1.0
20,1,210.83,247.27,96.11999999999998,50.67999999999998,1,1,1.0
20,3,435.87,301.4,107.42999999999995,62.960000000000036,1,1,1.0
21,1,210.83,247.27,96.11999999999998,50.67999999999998,1,1,1.0
21,3,418.5,304.03,109.17999999999995,64.05000000000001,1,1,1.0
22,1,210.83,247.27,96.11999999999998,50.67999999999998,1,1,1.0
22,3,401.14,306.65,110.90999999999997,65.14000000000004,1,1,1.0
23,1,210.83,247.27,96.11999999999998,50.67999999999998,1,1,1.0
23,3,383.77,309.28,112.66000000000003,66.22000000000003,1,1,1.0
24,1,210.83,247.27,96.11999999999998,50.67999999999998,1,1,1.0
24,3,366.4,311.9,114.40000000000003,67.32000000000005,1,1,1.0
25,1,210.83,247.27,96.11999999999998,50.67999999999998,1,1,1.0
25,3,344.53,316.04,117.89000000000004,68.25,1,1,1.0
26,1,210.83,247.27,96.11999999999998,50.67999999999998,1,1,1.0
26,3,322.65,320.18,121.39000000000004,69.17000000000002,1,1,1.0
27,1,210.83,247.27,96.11999999999998,50.67999999999998,1,1,1.0
27,3,300.78,324.31,124.89000000000004,70.11000000000001,1,1,1.0
28,1,210.83,247.27,96.11999999999998,50.67999999999998,1,1,1.0
28,3,278.9,328.45,128.39000000000004,71.04000000000002,1,1,1.0
29,1,210.83,247.27,96.11999999999998,50.67999999999998,1,1,1.0
29,3,257.03,332.59,131.88000000000005,71.97000000000003,1,1,1.0
30,1,210.83,247.27,96.11999999999998,50.67999999999998,1,1,1.0
30,3,235.16,336.73,135.36999999999998,72.89999999999998,1,1,1.0
31,1,210.83,247.27,96.11999999999998,50.67999999999998,1,1,1.0
31,3,210.61,340.38,138.87,73.82999999999998,1,1,1.0
32,1,210.83,247.27,96.11999999999998,50.67999999999998,1,1,1.0
32,3,186.07,344.03,142.37,74.76000000000005,1,1,1.0
33,1,210.83,247.27,96.11999999999998,50.67999999999998,1,1,1.0
33,3,161.53,347.69,145.85999999999999,75.68,1,1,1.0
34,1,210.83,247.27,96.11999999999998,50.67999999999998,1,1,1.0
34,3,136.98,351.34,149.35999999999999,76.62,1,1,1.0
35,1,210.83,247.27,96.11999999999998,50.67999999999998,1,1,1.0
35,3,112.44,354.99,152.85000000000002,77.55000000000001,1,1,1.0
36,1,210.83,247.27,96.11999999999998,50.67999999999998,1,1,1.0
36,3,87.9,358.64,156.34,78.48000000000002,1,1,1.0
37,1,210.83,247.27,96.11999999999998,50.67999999999998,1,1,1.0
37,3,63.35,362.3,159.85,79.39999999999998,1,1,1.0
38,1,210.83,247.27,96.11999999999998,50.67999999999998,1,1,1.0
38,3,38.81,365.95,163.34,80.34000000000003,1,1,1.0
39,1,210.83,247.27,96.11999999999998,50.67999999999998,1,1,1.0
39,3,14.26,369.6,166.84,81.26999999999998,1,1,1.0
40,1,210.83,247.27,96.11999999999998,50.67999999999998,1,1,1.0
40,3,0.2,375.43,155.70000000000002,84.17000000000002,1,1,1.0
41,1,210.83,247.27,96.11999999999998,50.67999999999998,1,1,1.0
41,3,0.22,381.27,130.48,81.48000000000002,1,1,1.0
42,1,210.83,247.27,96.11999999999998,50.67999999999998,1,1,1.0
42,3,0.23,387.1,105.27,78.78999999999996,1,1,1.0
43,1,210.83,247.27,96.11999999999998,50.67999999999998,1,1,1.0
43,3,0.25,392.93,80.05,76.11000000000001,1,1,1.0
44,1,210.83,247.27,96.11999999999998,50.67999999999998,1,1,1.0
44,3,0.27,398.77,54.83,73.42000000000002,1,1,1.0
45,1,210.83,247.27,96.11999999999998,50.67999999999998,1,1,1.0
45,3,0.28,404.6,29.619999999999997,70.73999999999995,1,1,1.0
46,1,210.83,247.27,96.11999999999998,50.67999999999998,1,1,1.0
47,1,210.83,247.27,96.11999999999998,50.67999999999998,1,1,1.0
48,1,210.83,247.27,96.11999999999998,50.67999999999998,1,1,1.0
49,1,210.83,247.27,96.11999999999998,50.67999999999998,1,1,1.0
50,1,210.83,247.27,96.11999999999998,50.67999999999998,1,1,1.0
51,1,210.83,247.27,96.11999999999998,50.67999999999998,1,1,1.0
52,1,210.83,247.27,96.11999999999998,50.67999999999998,1,1,1.0
52,4,943.07,226.3,16.59999999999991,62.039999999999964,1,1,1.0
53,1,210.83,247.27,96.11999999999998,50.67999999999998,1,1,1.0
53,4,937.95,226.18,21.74000000000001,63.46999999999997,1,1,1.0
54,1,210.83,247.27,96.11999999999998,50.67999999999998,1,1,1.0
54,4,932.83,226.06,26.889999999999986,64.89999999999998,1,1,1.0
55,1,210.83,247.27,96.11999999999998,50.67999999999998,1,1,1.0
55,4,927.71,225.94,32.02999999999997,66.32999999999998,1,1,1.0
56,1,210.83,247.27,96.11999999999998,50.67999999999998,1,1,1.0
56,4,922.59,225.81,37.16999999999996,67.77999999999997,1,1,1.0
57,1,210.83,247.27,96.11999999999998,50.67999999999998,1,1,1.0
57,4,917.47,225.69,42.319999999999936,69.20999999999998,1,1,1.0
58,1,210.83,247.27,96.11999999999998,50.67999999999998,1,1,1.0
58,4,912.35,225.57,47.45999999999992,70.63999999999999,1,1,1.0
59,1,210.83,247.27,96.11999999999998,50.67999999999998,1,1,1.0
59,4,907.23,225.45,52.60000000000002,72.07,1,1,1.0
60,1,210.83,247.27,96.11999999999998,50.67999999999998,1,1,1.0
60,4,902.11,225.33,57.75,73.49999999999997,1,1,1.0
61,1,210.83,247.27,96.11999999999998,50.67999999999998,1,1,1.0
61,4,897.0,225.21,62.879999999999995,74.92999999999998,1,1,1.0
62,1,210.83,247.27,96.11999999999998,50.67999999999998,1,1,1.0
62,4,891.88,225.09,68.02999999999997,76.35999999999999,1,1,1.0
63,1,210.83,247.27,96.11999999999998,50.67999999999998,1,1,1.0
63,4,886.76,224.96,73.16999999999996,77.80999999999997,1,1,1.0
64,1,210.83,247.27,96.11999999999998,50.67999999999998,1,1,1.0
64,4,881.64,224.84,78.31000000000006,79.23999999999998,1,1,1.0
65,1,210.83,247.27,96.11999999999998,50.67999999999998,1,1,1.0
65,4,876.52,224.72,83.46000000000004,80.66999999999999,1,1,1.0
66,1,210.83,247.27,96.11999999999998,50.67999999999998,1,1,1.0
66,4,871.4,224.6,88.60000000000002,82.1,1,1,1.0
67,1,210.83,247.27,96.11999999999998,50.67999999999998,1,1,1.0
67,4,864.41,225.09,95.59000000000003,84.03999999999999,1,1,1.0
68,1,210.83,247.27,96.11999999999998,50.67999999999998,1,1,1.0
68,4,857.42,225.58,102.58000000000004,85.97,1,1,1.0
69,1,210.83,247.27,96.11999999999998,50.67999999999998,1,1,1.0
69,4,850.43,226.07,109.57000000000005,87.91000000000003,1,1,1.0
70,1,210.83,247.27,96.11999999999998,50.67999999999998,1,1,1.0
70,4,843.44,226.56,116.55999999999995,89.85000000000002,1,1,1.0
71,1,210.83,247.27,96.11999999999998,50.67999999999998,1,1,1.0
71,4,836.45,227.04,123.54999999999995,91.79999999999998,1,1,1.0
72,1,210.83,247.27,96.11999999999998,50.67999999999998,1,1,1.0
72,4,829.46,227.53,130.53999999999996,93.72999999999999,1,1,1.0
73,1,210.83,247.27,96.11999999999998,50.67999999999998,1,1,1.0
73,4,822.47,228.02,137.52999999999997,95.66999999999999,1,1,1.0
73,5,822.48,256.01,15.730000000000018,25.340000000000032,1,1,1.0
74,1,210.83,247.27,96.11999999999998,50.67999999999998,1,1,1.0
74,4,815.48,228.51,144.51999999999998,97.61000000000001,1,1,1.0
74,5,813.16,256.61,17.180000000000064,27.649999999999977,1,1,1.0
75,1,210.83,247.27,96.11999999999998,50.67999999999998,1,1,1.0
75,4,808.49,229.0,151.51,99.54000000000002,1,1,1.0
75,5,803.84,257.2,18.629999999999995,29.970000000000027,1,1,1.0
76,1,210.83,247.27,96.11999999999998,50.67999999999998,1,1,1.0
76,4,800.62,230.17,156.61,99.53,1,1,1.0
76,5,794.52,257.8,20.08000000000004,32.289999999999964,1,1,1.0
77,1,210.83,247.27,96.11999999999998,50.67999999999998,1,1,1.0
77,4,792.76,231.33,161.71000000000004,99.53,1,1,1.0
77,5,785.61,257.98,22.529999999999973,32.81,1,1,1.0
78,1,210.83,247.27,96.11999999999998,50.67999999999998,1,1,1.0
78,4,784.9,232.5,166.80000000000007,99.51999999999998,1,1,1.0
78,5,776.7,258.16,24.979999999999905,33.329999999999984,1,1,1.0
79,1,210.83,247.27,96.11999999999998,50.67999999999998,1,1,1.0
79,4,777.03,233.67,171.89999999999998,99.51000000000002,1,1,1.0
79,5,767.79,258.34,27.430000000000064,33.84000000000003,1,1,1.0
79,6,950.06,235.04,9.940000000000055,34.95000000000002,1,1,1.0
80,1,210.83,247.27,96.11999999999998,50.67999999999998,1,1,1.0
80,4,769.17,234.83,177.0,99.50999999999996,1,1,1.0
80,5,758.87,258.52,29.889999999999986,34.360000000000014,1,1,1.0
80,6,946.13,235.04,10.370000000000005,34.95000000000002,1,1,1.0
81,1,210.83,247.27,96.11999999999998,50.67999999999998,1,1,1.0
81,4,761.3,236.0,182.10000000000002,99.5,1,1,1.0
81,5,749.96,258.7,32.33999999999992,34.879999999999995,1,1,1.0
81,6,942.2,235.04,10.799999999999955,34.95000000000002,1,1,1.0
82,1,210.83,247.27,96.11999999999998,50.67999999999998,1,1,1.0
82,4,751.69,236.96,185.58999999999992,101.24999999999997,1,1,1.0
82,5,739.13,258.87,35.129999999999995,35.670000000000016,1,1,1.0
82,6,933.72,235.56,12.990000000000009,34.94999999999999,1,1,1.0
83,1,210.83,247.27,96.11999999999998,50.67999999999998,1,1,1.0
83,4,742.08,237.92,189.07999999999993,103.00000000000003,1,1,1.0
83,5,728.29,259.04,37.930000000000064,36.46999999999997,1,1,1.0
83,6,925.25,236.09,15.169999999999959,34.95000000000002,1,1,1.0
84,1,210.83,247.27,96.11999999999998,50.67999999999998,1,1,1.0
84,4,732.47,238.88,192.56999999999994,104.75,1,1,1.0
84,5,717.46,259.21,40.719999999999914,37.26000000000005,1,1,1.0
84,6,916.77,236.61,17.360000000000014,34.94999999999999,1,1,1.0
85,1,210.83,247.27,96.11999999999998,50.67999999999998,1,1,1.0
85,4,722.86,239.84,196.05999999999995,106.48999999999998,1,1,1.0
85,5,706.62,259.38,43.51999999999998,38.05000000000001,1,1,1.0
85,6,908.3,237.14,19.540000000000077,34.94999999999999,1,1,1.0
86,1,210.83,247.27,96.11999999999998,50.67999999999998,1,1,1.0
86,4,713.25,240.8,199.54999999999995,108.24000000000001,1,1,1.0
86,5,695.79,259.55,46.31000000000006,38.839999999999975,1,1,1.0
86,6,899.82,237.66,21.729999999999905,34.95000000000002,1,1,1.0
87,1,210.83,247.27,96.11999999999998,50.67999999999998,1,1,1.0
87,4,703.64,241.76,203.03999999999996,109.99000000000001,1,1,1.0
87,5,684.95,259.72,49.1099999999999,39.629999999999995,1,1,1.0
87,6,891.35,238.18,23.909999999999968,34.95999999999998,1,1,1.0
88,1,210.83,247.27,96.11999999999998,50.67999999999998,1,1,1.0
88,4,694.03,242.72,206.52999999999997,111.73999999999998,1,1,1.0
88,5,674.12,259.89,51.89999999999998,40.420000000000016,1,1,1.0
88,6,882.87,238.71,26.100000000000023,34.95000000000002,1,1,1.0
89,1,210.83,247.27,96.11999999999998,50.67999999999998,1,1,1.0
89,4,684.42,243.68,210.0200000000001,113.49000000000001,1,1,1.0
89,5,663.28,260.06,54.700000000000045,41.20999999999998,1,1,1.0
89,6,874.39,239.23,28.289999999999964,34.95000000000002,1,1,1.0
90,1,210.83,247.27,96.11999999999998,50.67999999999998,1,1,1.0
90,4,674.81,244.64,213.5100000000001,115.24000000000001,1,1,1.0
90,5,652.45,260.23,57.49000000000001,42.0,1,1,1.0
90,6,865.92,239.76,30.470000000000027,34.94999999999999,1,1,1.0
91,1,210.83,247.27,96.11999999999998,50.67999999999998,1,1,1.0
91,4,665.2,245.6,217.0,116.98999999999998,1,1,1.0
91,5,641.61,260.4,60.289999999999964,42.79000000000002,1,1,1.0
91,6,857.44,240.28,32.65999999999997,34.95000000000002,1,1,1.0
92,1,210.83,247.27,96.11999999999998,50.67999999999998,1,1,1.0
92,4,654.28,245.6,220.49,120.26000000000002,1,1,1.0
92,5,628.72,259.98,64.42999999999995,43.20999999999998,1,1,1.0
92,6,848.7,240.29,34.84999999999991,36.680000000000035,1,1,1.0
93,1,210.83,247.27,96.11999999999998,50.67999999999998,1,1,1.0
93,4,643.36,245.6,223.99,123.53999999999999,1,1,1.0
93,5,615.84,259.55,68.55999999999995,43.639999999999986,1,1,1.0
93,6,839.97,240.29,37.02999999999997,38.430000000000035,1,1,1.0
94,1,210.83,247.27,96.11999999999998,50.67999999999998,1,1,1.0
94,4,632.43,245.6,227.49,126.82000000000002,1,1,1.0
94,5,602.95,259.13,72.69999999999993,44.06,1,1,1.0
94,6,831.23,240.3,39.22000000000003,40.15999999999997,1,1,1.0
95,1,210.83,247.27,96.11999999999998,50.67999999999998,1,1,1.0
95,4,621.51,245.6,230.99,130.09,1,1,1.0
95,5,590.06,258.7,76.84000000000003,44.49000000000001,1,1,1.0
95,6,822.49,240.3,41.40999999999997,41.89999999999998,1,1,1.0
96,1,210.83,247.27,96.11999999999998,50.67999999999998,1,1,1.0
96,4,608.75,247.52,236.23000000000002,133.59,1,1,1.0
96,5,576.78,259.75,80.5,44.49000000000001,1,1,1.0
96,6,811.31,240.3,42.97000000000003,38.579999999999984,1,1,1.0
97,1,210.83,247.27,96.11999999999998,50.67999999999998,1,1,1.0
97,4,596.0,249.44,241.46000000000004,137.08999999999997,1,1,1.0
97,5,563.5,260.8,84.15999999999997,44.49000000000001,1,1,1.0
97,6,800.12,240.3,44.539999999999964,35.25999999999999,1,1,1.0
98,1,210.83,247.27,96.11999999999998,50.67999999999998,1,1,1.0
98,4,583.24,251.36,246.70000000000005,140.57999999999998,1,1,1.0
98,5,550.21,261.85,87.82999999999993,44.48999999999995,1,1,1.0
98,6,788.94,240.3,46.09999999999991,31.939999999999998,1,1,1.0
99,1,210.83,247.27,96.11999999999998,50.67999999999998,1,1,1.0
99,4,570.48,253.28,251.93999999999994,144.08,1,1,1.0
99,5,536.93,262.89,91.49000000000001,44.5,1,1,1.0
99,6,777.75,240.3,47.66999999999996,28.620000000000005,1,1,1.0
100,1,210.83,247.27,96.11999999999998,50.67999999999998,1,1,1.0
100,4,557.72,255.2,257.17999999999995,147.57999999999998,1,1,1.0
100,5,523.65,263.94,95.14999999999998,44.5,1,1,1.0
100,6,766.57,240.3,49.229999999999905,25.30000000000001,1,1,1.0
101,1,210.83,247.27,96.11999999999998,50.67999999999998,1,1,1.0
101,4,543.92,255.38,263.12,146.51999999999998,1,1,1.0
101,5,508.45,264.12,96.89000000000004,45.889999999999986,1,1,1.0
101,6,752.94,241.17,53.77999999999997,25.30000000000004,1,1,1.0
102,1,210.83,247.27,96.11999999999998,50.67999999999998,1,1,1.0
102,4,530.11,255.56,269.06999999999994,145.46999999999997,1,1,1.0
102,5,493.24,264.29,98.63999999999999,47.289999999999964,1,1,1.0
102,6,739.31,242.05,58.33000000000004,25.289999999999964,1,1,1.0
103,1,210.83,247.27,96.11999999999998,50.67999999999998,1,1,1.0
103,4,516.31,255.74,275.0100000000001,144.40999999999997,1,1,1.0
103,5,478.04,264.47,100.37999999999994,48.69,1,1,1.0
103,6,725.68,242.92,62.879999999999995,25.30000000000004,1,1,1.0
104,1,210.83,247.27,96.11999999999998,50.67999999999998,1,1,1.0
104,4,502.5,255.92,280.96000000000004,143.35999999999999,1,1,1.0
104,5,462.83,264.64,102.13000000000005,50.09000000000003,1,1,1.0
104,6,712.04,243.8,67.44000000000005,25.289999999999964,1,1,1.0
105,1,210.83,247.27,96.11999999999998,50.67999999999998,1,1,1.0
105,4,488.7,256.1,286.90000000000003,142.29999999999995,1,1,1.0
105,5,447.63,264.82,103.87,51.48000000000002,1,1,1.0
105,6,698.41,244.67,71.99000000000001,25.30000000000004,1,1,1.0
105,7,944.81,222.81,15.190000000000055,42.81,1,1,1.0
106,1,210.83,247.27,96.11999999999998,50.67999999999998,1,1,1.0
106,4,471.98,258.29,293.25,144.81,1,1,1.0
106,5,434.2,265.69,105.50000000000006,51.48000000000002,1,1,1.0
106,6,683.45,245.76,75.69999999999993,26.28000000000003,1,1,1.0
106,7,940.34,221.17,19.659999999999968,45.76000000000002,1,1,1.0
107,1,210.83,247.27,96.11999999999998,50.67999999999998,1,1,1.0
107,4,455.27,260.47,299.58000000000004,147.32999999999998,1,1,1.0
107,5,420.76,266.56,107.13999999999999,51.49000000000001,1,1,1.0
107,6,668.49,246.85,79.40999999999997,27.27000000000001,1,1,1.0
107,7,935.86,219.53,24.139999999999986,48.71000000000001,1,1,1.0
108,1,210.83,247.27,96.11999999999998,50.67999999999998,1,1,1.0
108,4,438.56,262.66,305.92,149.83999999999997,1,1,1.0
108,5,407.33,267.44,108.77000000000004,51.48000000000002,1,1,1.0
108,6,653.52,247.94,83.13,28.25,1,1,1.0
108,7,931.38,217.89,28.620000000000005,51.660000000000025,1,1,1.0
109,1,210.83,247.27,96.11999999999998,50.67999999999998,1,1,1.0
109,4,421.85,264.85,312.25,152.34999999999997,1,1,1.0
109,5,393.89,268.31,110.41000000000003,51.49000000000001,1,1,1.0
109,6,638.56,249.03,86.84000000000003,29.23999999999998,1,1,1.0
109,7,926.9,216.25,33.10000000000002,54.610000000000014,1,1,1.0
110,1,210.83,247.27,96.11999999999998,50.67999999999998,1,1,1.0
110,4,405.14,267.04,318.59000000000003,154.85999999999996,1,1,1.0
110,5,380.46,269.19,112.04000000000002,51.48000000000002,1,1,1.0
110,6,623.59,250.13,90.55999999999995,30.20999999999998,1,1,1.0
110,7,922.42,214.61,37.58000000000004,57.56,1,1,1.0
111,1,210.83,247.27,96.11999999999998,50.67999999999998,1,1,1.0
111,4,388.43,269.22,324.92,157.38,1,1,1.0
111,5,367.02,270.06,113.68,51.48000000000002,1,1,1.0
111,6,608.63,251.22,94.26999999999998,31.200000000000017,1,1,1.0
111,7,917.95,212.98,42.049999999999955,60.50000000000003,1,1,1.0
112,1,210.83,247.27,96.11999999999998,50.67999999999998,1,1,1.0
112,4,371.72,271.41,331.26,159.89,1,1,1.0
112,5,353.59,270.93,115.31,51.49000000000001,1,1,1.0
112,6,593.67,252.31,97.98000000000002,32.18000000000001,1,1,1.0
112,7,913.47,211.34,46.52999999999997,63.45000000000002,1,1,1.0
113,1,210.83,247.27,96.11999999999998,50.67999999999998,1,1,1.0
113,4,355.01,273.6,337.59000000000003,162.39999999999998,1,1,1.0
113,5,340.15,271.81,116.95000000000005,51.48000000000002,1,1,1.0
113,6,578.7,253.4,101.69999999999993,33.16999999999999,1,1,1.0
113,7,908.99,209.7,51.00999999999999,66.40000000000003,1,1,1.0
114,1,210.83,247.27,96.11999999999998,50.67999999999998,1,1,1.0
114,4,334.66,275.23,346.58,166.38,1,1,1.0
114,5,325.05,272.93,117.69,51.48000000000002,1,1,1.0
114,6,564.22,254.4,103.44999999999993,33.66999999999999,1,1,1.0
114,7,904.25,209.7,55.379999999999995,67.40000000000003,1,1,1.0
115,1,210.83,247.27,96.11999999999998,50.67999999999998,1,1,1.0
115,4,314.31,276.86,355.58,170.37,1,1,1.0
115,5,309.95,274.05,118.44,51.49000000000001,1,1,1.0
115,6,549.74,255.4,105.20000000000005,34.16,1,1,1.0
115,7,899.5,209.7,59.75999999999999,68.40000000000003,1,1,1.0
116,1,210.83,247.27,96.11999999999998,50.67999999999998,1,1,1.0
116,4,293.97,278.49,364.55999999999995,174.34999999999997,1,1,1.0
116,5,294.84,275.18,119.19,51.48000000000002,1,1,1.0
116,6,535.26,256.4,106.95000000000005,34.660000000000025,1,1,1.0
116,7,894.76,209.7,64.13,69.40000000000003,1,1,1.0
117,1,210.83,247.27,96.11999999999998,50.67999999999998,1,1,1.0
117,4,273.62,280.11,373.54999999999995,178.34999999999997,1,1,1.0
117,5,279.74,276.3,119.93,51.47999999999996,1,1,1.0
117,6,520.78,257.4,108.71000000000004,35.160000000000025,1,1,1.0
117,7,890.02,209.7,68.49000000000001,70.38999999999999,1,1,1.0
118,1,210.83,247.27,96.11999999999998,50.67999999999998,1,1,1.0
118,4,253.27,281.74,382.53999999999996,182.32999999999998,1,1,1.0
118,5,264.63,277.42,120.68,51.49000000000001,1,1,1.0
118,6,506.3,258.4,110.45999999999998,35.660000000000025,1,1,1.0
118,7,885.27,209.7,72.87,71.38999999999999,1,1,1.0
119,1,210.83,247.27,96.11999999999998,50.67999999999998,1,1,1.0
119,4,232.93,283.37,391.53000000000003,186.32,1,1,1.0
119,5,249.53,278.55,121.42999999999998,51.47999999999996,1,1,1.0
119,6,491.82,259.4,112.20999999999998,36.160000000000025,1,1,1.0
119,7,880.53,209.7,77.24000000000001,72.38999999999999,1,1,1.0
120,1,210.83,247.27,96.11999999999998,50.67999999999998,1,1,1.0
120,4,212.58,285.0,400.52,190.3,1,1,1.0
120,5,234.43,279.67,122.17000000000002,51.47999999999996,1,1,1.0
120,6,477.34,260.4,113.95999999999998,36.650000000000034,1,1,1.0
120,7,875.79,209.7,81.61000000000001,73.38999999999999,1,1,1.0
121,1,210.83,247.27,96.11999999999998,50.67999999999998,1,1,1.0
121,4,186.04,287.54,414.32000000000005,195.59999999999997,1,1,1.0
121,5,216.95,281.42,124.03000000000003,51.47999999999996,1,1,1.0
121,6,461.41,260.84,117.03000000000003,38.55000000000001,1,1,1.0
121,7,869.5,210.14,83.50999999999999,73.54000000000002,1,1,1.0
122,1,210.83,247.27,96.11999999999998,50.67999999999998,1,1,1.0
122,4,159.5,290.08,428.13,200.90000000000003,1,1,1.0
122,5,199.48,283.17,125.87000000000003,51.47999999999996,1,1,1.0
122,6,445.47,261.28,120.11000000000001,40.450000000000045,1,1,1.0
122,7,863.21,210.58,85.41999999999996,73.67999999999998,1,1,1.0
123,1,210.83,247.27,96.11999999999998,50.67999999999998,1,1,1.0
123,4,132.96,292.61,441.92999999999995,206.2,1,1,1.0
123,5,182.0,284.91,127.73000000000002,51.48999999999995,1,1,1.0
123,6,429.53,261.71,123.18000000000006,42.360000000000014,1,1,1.0
123,7,856.92,211.01,87.32000000000005,73.84000000000003,1,1,1.0
124,1,210.83,247.27,96.11999999999998,50.67999999999998,1,1,1.0
124,4,106.41,295.15,455.74,211.5,1,1,1.0
124,5,164.52,286.66,129.58,51.47999999999996,1,1,1.0
124,6,413.59,262.15,126.26000000000005,44.26000000000005,1,1,1.0
124,7,850.64,211.45,89.21000000000004,73.98000000000002,1,1,1.0
125,1,210.83,247.27,96.11999999999998,50.67999999999998,1,1,1.0
125,4,79.87,297.69,469.53999999999996,216.8,1,1,1.0
125,5,147.05,288.41,131.43,51.47999999999996,1,1,1.0
125,6,397.65,262.59,129.34000000000003,46.160000000000025,1,1,1.0
125,7,844.35,211.89,91.11000000000001,74.13,1,1,1.0
126,1,210.83,247.27,96.11999999999998,50.67999999999998,1,1,1.0
126,4,53.33,300.23,483.34999999999997,222.10000000000002,1,1,1.0
126,5,129.57,290.16,133.28000000000003,51.47999999999996,1,1,1.0
126,6,381.72,263.03,132.40999999999997,48.06,1,1,1.0
126,7,838.06,212.33,93.0200000000001,74.27000000000001,1,1,1.0
127,1,210.83,247.27,96.11999999999998,50.67999999999998,1,1,1.0
127,4,26.79,302.76,497.15000000000003,227.39999999999998,1,1,1.0
127,5,112.1,291.9,135.13,51.49000000000001,1,1,1.0
127,6,365.78,263.46,135.48000000000002,49.97000000000003,1,1,1.0
127,7,831.77,212.76,94.92000000000007,74.43,1,1,1.0
128,1,210.83,247.27,96.11999999999998,50.67999999999998,1,1,1.0
128,4,0.25,305.3,510.95,232.7,1,1,1.0
128,5,94.62,293.65,136.98,51.48000000000002,1,1,1.0
128,6,349.84,263.9,138.56,51.870000000000005,1,1,1.0
128,7,825.49,213.2,96.80999999999995,74.57,1,1,1.0
129,1,210.83,247.27,96.11999999999998,50.67999999999998,1,1,1.0
129,4,0.2,308.14,493.72,229.86,1,1,1.0
129,5,75.51,295.21,137.37,51.68000000000001,1,1,1.0
129,6,336.14,264.57,138.22000000000003,53.370000000000005,1,1,1.0
129,7,819.25,213.78,97.39999999999998,74.78,1,1,1.0
130,1,210.83,247.27,96.11999999999998,50.67999999999998,1,1,1.0
130,4,0.15,310.99,476.5,227.01,1,1,1.0
130,5,56.41,296.77,137.76,51.870000000000005,1,1,1.0
130,6,322.44,265.24,137.87,54.879999999999995,1,1,1.0
130,7,813.01,214.37,97.99000000000001,74.98000000000002,1,1,1.0
131,1,210.83,247.27,96.11999999999998,50.67999999999998,1,1,1.0
131,4,0.1,313.83,459.27,224.17000000000002,1,1,1.0
131,5,37.3,298.33,138.14999999999998,52.06999999999999,1,1,1.0
131,6,308.73,265.91,137.53999999999996,56.379999999999995,1,1,1.0
131,7,806.77,214.95,98.58000000000004,75.19,1,1,1.0
132,1,210.83,247.27,96.11999999999998,50.67999999999998,1,1,1.0
132,4,0.05,316.67,442.03999999999996,221.32999999999998,1,1,1.0
132,5,18.65,299.88,138.07999999999998,52.26999999999998,1,1,1.0
132,6,295.03,266.59,137.20000000000005,57.870000000000005,1,1,1.0
132,7,800.53,215.53,99.17000000000007,75.39000000000001,1,1,1.0
133,1,210.83,247.27,96.11999999999998,50.67999999999998,1,1,1.0
133,4,0.0,319.51,424.82,218.49,1,1,1.0
133,5,0.0,301.44,138.02,52.47000000000003,1,1,1.0
133,6,281.33,267.26,136.86,59.370000000000005,1,1,1.0
133,7,794.29,216.12,99.75999999999999,75.58999999999997,1,1,1.0
134,1,210.83,247.27,96.11999999999998,50.67999999999998,1,1,1.0
134,4,0.12,322.36,408.24,215.64,1,1,1.0
134,5,1.04,303.0,118.25999999999999,52.660000000000025,1,1,1.0
134,6,267.62,267.93,136.51999999999998,60.879999999999995,1,1,1.0
134,7,788.05,216.7,100.35000000000002,75.80000000000001,1,1,1.0
135,1,210.83,247.27,96.11999999999998,50.67999999999998,1,1,1.0
135,4,0.25,325.2,391.65,212.8,1,1,1.0
135,5,1.04,304.62,100.02,51.04000000000002,1,1,1.0
135,6,253.92,268.6,136.18000000000004,62.379999999999995,1,1,1.0
135,7,781.04,217.87,101.51999999999998,75.80000000000001,1,1,1.0
135,8,686.73,512.9,113.47000000000003,27.100000000000023,1,1,1.0
136,1,210.83,247.27,96.11999999999998,50.67999999999998,1,1,1.0
136,4,0.25,329.1,371.37,208.89999999999998,1,1,1.0
136,5,1.04,306.24,81.77999999999999,49.420000000000016,1,1,1.0
136,6,236.76,270.35,136.18,62.379999999999995,1,1,1.0
136,7,774.03,219.04,102.69000000000005,75.79999999999998,1,1,1.0
136,8,693.52,508.22,119.53999999999996,31.779999999999973,1,1,1.0
137,1,210.83,247.27,96.11999999999998,50.67999999999998,1,1,1.0
137,4,0.25,333.0,351.08,205.0,1,1,1.0
137,5,1.04,307.86,63.54,47.80000000000001,1,1,1.0
137,6,219.61,272.11,136.18,62.379999999999995,1,1,1.0
137,7,767.02,220.21,103.86000000000001,75.79999999999998,1,1,1.0
137,8,700.32,503.54,125.59999999999991,36.45999999999998,1,1,1.0
138,1,210.83,247.27,96.11999999999998,50.67999999999998,1,1,1.0
138,4,0.25,336.9,330.8,201.10000000000002,1,1,1.0
138,5,1.04,309.48,45.300000000000004,46.18000000000001,1,1,1.0
138,6,202.45,273.86,136.18,62.379999999999995,1,1,1.0
138,7,760.01,221.38,105.02999999999997,75.80000000000001,1,1,1.0
138,8,707.11,498.86,131.66999999999996,41.139999999999986,1,1,1.0
139,1,210.83,247.27,96.11999999999998,50.67999999999998,1,1,1.0
139,4,0.25,340.8,310.52,197.2,1,1,1.0
139,5,1.04,311.1,27.060000000000002,44.56,1,1,1.0
139,6,185.3,275.62,136.17000000000002,62.379999999999995,1,1,1.0
139,7,753.0,222.55,106.20000000000005,75.80000000000001,1,1,1.0
139,8,713.91,494.18,137.73000000000002,45.81999999999999,1,1,1.0
140,1,210.83,247.27,96.11999999999998,50.67999999999998,1,1,1.0
140,4,0.25,344.7,290.23,193.3,1,1,1.0
140,6,168.14,277.37,136.18,62.379999999999995,1,1,1.0
140,7,743.64,221.38,107.36000000000001,75.19,1,1,1.0
140,8,720.7,489.5,143.79999999999995,50.5,1,1,1.0
141,1,210.83,247.27,96.11999999999998,50.67999999999998,1,1,1.0
141,4,0.25,348.6,269.95,189.39999999999998,1,1,1.0
141,6,150.98,279.13,136.18000000000004,62.379999999999995,1,1,1.0
141,7,734.28,220.2,108.51999999999998,74.60000000000002,1,1,1.0
141,8,729.91,484.24,142.63,55.16999999999996,1,1,1.0
142,1,210.83,247.27,96.11999999999998,50.67999999999998,1,1,1.0
142,4,0.25,353.71,245.98,184.29000000000002,1,1,1.0
142,6,132.41,279.86,138.82000000000002,63.39999999999998,1,1,1.0
142,7,726.43,221.03,109.86000000000001,74.77000000000001,1,1,1.0
142,8,739.13,478.97,141.45000000000005,59.860000000000014,1,1,1.0
143,1,210.83,247.27,96.11999999999998,50.67999999999998,1,1,1.0
143,4,0.25,358.83,222.0,179.17000000000002,1,1,1.0
143,6,113.84,280.6,141.46,64.40999999999997,1,1,1.0
143,7,718.58,221.86,111.18999999999994,74.94999999999999,1,1,1.0
143,8,748.34,473.71,140.28999999999996,64.53000000000003,1,1,1.0
144,1,210.83,247.27,96.11999999999998,50.67999999999998,1,1,1.0
144,4,0.25,363.94,198.03,174.06,1,1,1.0
144,6,95.27,281.33,144.09000000000003,65.44,1,1,1.0
144,7,710.72,222.69,112.53999999999996,75.12,1,1,1.0
144,8,757.55,468.44,139.12,69.20999999999998,1,1,1.0
145,1,210.83,247.27,96.11999999999998,50.67999999999998,1,1,1.0
145,4,0.25,369.05,174.05,168.95,1,1,1.0
145,6,76.7,282.06,146.73000000000002,66.45999999999998,1,1,1.0
145,7,702.87,223.51,113.87,75.30000000000001,1,1,1.0
145,8,766.76,463.18,137.95000000000005,73.87999999999994,1,1,1.0
146,1,210.83,247.27,96.11999999999998,50.67999999999998,1,1,1.0
146,4,0.25,374.16,150.08,163.83999999999997,1,1,1.0
146,6,58.13,282.8,149.37,67.47999999999996,1,1,1.0
146,7,695.01,224.34,115.22000000000003,75.47,1,1,1.0
146,8,775.98,457.92,136.76999999999998,78.56,1,1,1.0
147,1,210.83,247.27,96.11999999999998,50.67999999999998,1,1,1.0
147,4,0.25,379.28,126.1,158.72000000000003,1,1,1.0
147,6,39.56,283.53,152.01,68.5,1,1,1.0
147,7,687.16,225.17,116.55000000000007,75.65,1,1,1.0
147,8,785.19,452.65,135.5999999999999,83.24000000000001,1,1,1.0
148,1,210.83,247.27,96.11999999999998,50.67999999999998,1,1,1.0
148,4,0.25,384.39,102.13,153.61,1,1,1.0
148,6,20.99,284.27,154.64,69.52000000000004,1,1,1.0
148,7,679.31,226.0,117.8900000000001,75.82,1,1,1.0
148,8,794.4,447.39,134.44000000000005,87.90999999999997,1,1,1.0
149,1,210.83,247.27,96.11999999999998,50.67999999999998,1,1,1.0
149,4,0.25,389.5,78.15,148.5,1,1,1.0
149,6,2.42,285.0,157.28,70.54000000000002,1,1,1.0
149,7,669.66,226.3,119.07000000000005,76.09999999999997,1,1,1.0
149,8,802.98,442.9,131.04999999999995,89.08000000000004,1,1,1.0
150,1,210.83,247.27,96.11999999999998,50.67999999999998,1,1,1.0
150,4,0.25,401.2,49.5,136.8,1,1,1.0
150,6,1.26,285.0,140.29000000000002,70.54000000000002,1,1,1.0
150,7,660.0,226.6,120.25,76.39000000000001,1,1,1.0
150,8,811.57,438.42,127.64999999999998,90.24999999999994,1,1,1.0
151,1,210.83,247.27,96.11999999999998,50.67999999999998,1,1,1.0
151,4,0.25,412.9,20.85,125.10000000000002,1,1,1.0
151,6,0.1,285.0,123.30000000000001,70.54000000000002,1,1,1.0
151,7,650.35,226.9,121.42999999999995,76.66999999999999,1,1,1.0
151,8,820.15,433.94,124.26999999999998,91.41000000000003,1,1,1.0
152,1,210.83,247.27,96.11999999999998,50.67999999999998,1,1,1.0
152,6,0.1,289.22,105.28,66.32,1,1,1.0
152,7,640.7,227.2,122.59999999999991,76.96000000000004,1,1,1.0
152,8,828.73,429.45,120.88,92.57999999999998,1,1,1.0
153,1,210.83,247.27,96.11999999999998,50.67999999999998,1,1,1.0
153,6,0.1,293.44,87.26,62.10000000000002,1,1,1.0
153,7,632.52,226.32,122.59000000000003,79.87,1,1,1.0
153,8,837.32,424.97,117.4899999999999,93.75,1,1,1.0
154,1,210.83,247.27,96.11999999999998,50.67999999999998,1,1,1.0
154,6,0.1,297.66,69.24000000000001,57.879999999999995,1,1,1.0
154,7,624.33,225.45,122.58999999999992,82.78000000000003,1,1,1.0
154,8,845.9,420.48,114.10000000000002,94.91999999999996,1,1,1.0
155,1,210.83,247.27,96.11999999999998,50.67999999999998,1,1,1.0
155,6,0.1,301.88,51.22,53.660000000000025,1,1,1.0
155,7,616.14,224.57,122.60000000000002,85.69,1,1,1.0
155,8,852.77,417.12,107.23000000000002,92.57999999999998,1,1,1.0
156,1,210.83,247.27,96.11999999999998,50.67999999999998,1,1,1.0
156,6,0.1,306.1,33.199999999999996,49.44,1,1,1.0
156,7,607.95,223.69,122.59999999999991,88.61000000000001,1,1,1.0
156,8,859.64,413.76,100.36000000000001,90.24000000000001,1,1,1.0
157,1,210.83,247.27,96.11999999999998,50.67999999999998,1,1,1.0
157,6,0.1,306.1,11.0,49.44,1,1,1.0
157,7,598.3,223.11,123.75999999999999,88.61000000000001,1,1,1.0
157,8,866.5,410.4,93.5,87.90000000000003,1,1,1.0
158,1,210.83,247.27,96.11999999999998,50.67999999999998,1,1,1.0
158,7,588.65,222.52,124.92000000000007,88.60999999999999,1,1,1.0
158,8,873.37,407.03,86.63,85.57000000000005,1,1,1.0
159,1,210.83,247.27,96.11999999999998,50.67999999999998,1,1,1.0
159,7,579.0,221.94,126.09000000000003,88.61000000000001,1,1,1.0
159,8,880.24,403.67,79.75999999999999,83.22999999999996,1,1,1.0
160,1,210.83,247.27,96.11999999999998,50.67999999999998,1,1,1.0
160,7,569.35,221.35,127.25,88.60999999999999,1,1,1.0
160,8,887.1,400.31,72.89999999999998,80.88999999999999,1,1,1.0
161,1,210.83,247.27,96.11999999999998,50.67999999999998,1,1,1.0
161,7,557.65,223.46,130.29000000000008,88.60999999999999,1,1,1.0
161,8,893.97,396.94,66.02999999999997,78.56,1,1,1.0
162,1,210.83,247.27,96.11999999999998,50.67999999999998,1,1,1.0
162,7,545.95,225.56,133.32999999999993,88.61000000000001,1,1,1.0
162,8,900.84,393.58,59.15999999999997,76.22000000000003,1,1,1.0
163,1,210.83,247.27,96.11999999999998,50.67999999999998,1,1,1.0
163,7,534.26,227.67,136.36,88.60999999999999,1,1,1.0
163,8,907.19,392.91,52.809999999999945,73.19999999999999,1,1,1.0
164,1,210.83,247.27,96.11999999999998,50.67999999999998,1,1,1.0
164,7,522.56,229.77,139.4000000000001,88.60999999999999,1,1,1.0
164,8,913.54,392.24,46.460000000000036,70.19,1,1,1.0
165,1,210.83,247.27,96.11999999999998,50.67999999999998,1,1,1.0
165,7,510.86,231.88,142.43999999999994,88.61000000000001,1,1,1.0
165,8,919.89,391.57,40.110000000000014,67.17000000000002,1,1,1.0
166,1,210.83,247.27,96.11999999999998,50.67999999999998,1,1,1.0
166,7,500.0,232.55,142.44000000000005,88.61000000000001,1,1,1.0
166,8,926.25,390.91,33.75,64.14999999999998,1,1,1.0
167,1,210.83,247.27,96.11999999999998,50.67999999999998,1,1,1.0
167,7,489.14,233.21,142.44000000000005,88.60999999999999,1,1,1.0
167,8,932.6,390.24,27.399999999999977,61.129999999999995,1,1,1.0
168,1,210.83,247.27,96.11999999999998,50.67999999999998,1,1,1.0
168,7,478.28,233.88,142.43000000000006,88.61000000000001,1,1,1.0
168,8,938.95,389.57,21.049999999999955,58.120000000000005,1,1,1.0
169,1,210.83,247.27,96.11999999999998,50.67999999999998,1,1,1.0
169,7,467.41,234.55,142.44,88.61000000000001,1,1,1.0
169,8,945.3,388.9,14.700000000000045,55.10000000000002,1,1,1.0
170,1,210.83,247.27,96.11999999999998,50.67999999999998,1,1,1.0
170,7,456.55,235.22,142.44,88.60999999999999,1,1,1.0
170,8,949.4,388.9,10.600000000000023,55.10000000000002,1,1,1.0
171,1,210.83,247.27,96.11999999999998,50.67999999999998,1,1,1.0
171,7,445.69,235.89,142.44,88.61000000000001,1,1,1.0
171,8,953.5,388.9,6.5,55.10000000000002,1,1,1.0
172,1,210.83,247.27,96.11999999999998,50.67999999999998,1,1,1.0
172,7,434.83,236.56,142.44,88.61000000000001,1,1,1.0
173,1,210.83,247.27,96.11999999999998,50.67999999999998,1,1,1.0
173,7,422.74,236.43,143.86,88.61000000000001,1,1,1.0
174,1,210.83,247.27,96.11999999999998,50.67999999999998,1,1,1.0
174,7,410.65,236.3,145.29000000000008,88.61000000000001,1,1,1.0
175,1,210.83,247.27,96.11999999999998,50.67999999999998,1,1,1.0
175,7,398.57,236.17,146.70999999999998,88.60999999999999,1,1,1.0
176,1,210.83,247.27,96.11999999999998,50.67999999999998,1,1,1.0
176,7,386.48,236.04,148.13,88.60999999999999,1,1,1.0
177,1,210.83,247.27,96.11999999999998,50.67999999999998,1,1,1.0
177,7,374.39,235.91,149.56000000000006,88.60999999999999,1,1,1.0
178,1,210.83,247.27,96.11999999999998,50.67999999999998,1,1,1.0
178,7,362.3,235.78,150.98999999999995,88.60999999999999,1,1,1.0
179,1,210.83,247.27,96.11999999999998,50.67999999999998,1,1,1.0
179,7,350.22,235.65,152.40999999999997,88.60999999999999,1,1,1.0
180,1,210.83,247.27,96.11999999999998,50.67999999999998,1,1,1.0
180,7,338.13,235.52,153.82999999999998,88.60999999999999,1,1,1.0
181,1,210.83,247.27,96.11999999999998,50.67999999999998,1,1,1.0
181,7,326.04,235.39,155.26,88.61000000000001,1,1,1.0
182,1,210.83,247.27,96.11999999999998,50.67999999999998,1,1,1.0
182,7,315.12,236.03,155.26,89.14000000000001,1,1,1.0
183,1,210.83,247.27,96.11999999999998,50.67999999999998,1,1,1.0
183,7,304.21,236.68,155.25,89.65999999999997,1,1,1.0
184,1,210.83,247.27,96.11999999999998,50.67999999999998,1,1,1.0
184,7,293.29,237.32,155.23999999999995,90.19,1,1,1.0
185,1,210.83,247.27,96.11999999999998,50.67999999999998,1,1,1.0
185,7,282.37,237.97,155.24,90.71000000000001,1,1,1.0
186,1,210.83,247.27,96.11999999999998,50.67999999999998,1,1,1.0
186,7,271.45,238.62,155.24,91.21999999999997,1,1,1.0
187,1,210.83,247.27,96.11999999999998,50.67999999999998,1,1,1.0
187,7,260.53,239.26,155.24,91.75,1,1,1.0
188,1,210.83,247.27,96.11999999999998,50.67999999999998,1,1,1.0
188,7,249.62,239.91,155.21999999999997,92.27000000000001,1,1,1.0
189,1,210.83,247.27,96.11999999999998,50.67999999999998,1,1,1.0
189,7,238.7,240.55,155.22000000000003,92.80000000000001,1,1,1.0
190,1,210.83,247.27,96.11999999999998,50.67999999999998,1,1,1.0
190,7,227.78,241.2,155.22,93.32,1,1,1.0
